(1, 74)
(1, 182)
(1, 293)
(1, 296)
(2, 71)
(2, 162)
(2, 169)
(4, 53)
(4, 79)
(4, 202)
(4, 212)
(4, 341)
(5, 53)
(5, 79)
(5, 201)
(6, 152)
(7, 79)
(10, 148)
(11, 89)
(13, 100)
(13, 201)
(13, 425)
(14, 156)
(14, 164)
(14, 256)
(14, 426)
(15, 9)
(16, 241)
(16, 329)
(16, 331)
(17, 151)
(17, 337)
(18, 127)
(20, 12)
(20, 91)
(20, 164)
(21, 21)
(21, 236)
(23, 221)
(25, 391)
(26, 223)
(26, 395)
(27, 30)
(27, 84)
(28, 81)
(28, 161)
(29, 48)
(29, 293)
(30, 30)
(30, 58)
(30, 207)
(31, 360)
(32, 214)
(33, 305)
(33, 353)
(34, 304)
(36, 290)
(36, 416)
(37, 21)
(37, 242)
(38, 221)
(38, 500)
(39, 270)
(39, 292)
(40, 64)
(40, 147)
(40, 148)
(41, 433)
(42, 51)
(42, 65)
(42, 254)
(42, 424)
(42, 486)
(43, 8)
(43, 22)
(43, 103)
(43, 120)
(43, 124)
(43, 131)
(44, 305)
(44, 391)
(46, 98)
(46, 304)
(47, 226)
(48, 429)
(49, 193)
(50, 33)
(50, 49)
(51, 189)
(51, 195)
(51, 233)
(52, 232)
(53, 16)
(53, 198)
(53, 224)
(53, 486)
(54, 68)
(55, 8)
(55, 243)
(55, 261)
(56, 101)
(56, 198)
(56, 263)
(57, 44)
(57, 174)
(57, 446)
(58, 43)
(59, 89)
(60, 10)
(61, 265)
(61, 287)
(61, 513)
(62, 287)
(62, 290)
(62, 291)
(64, 319)
(64, 332)
(64, 400)
(66, 398)
(67, 92)
(68, 532)
(69, 96)
(69, 162)
(70, 31)
(71, 202)
(71, 535)
(72, 56)
(72, 384)
(73, 146)
(73, 291)
(74, 151)
(74, 158)
(74, 204)
(74, 215)
(75, 144)
(76, 59)
(76, 94)
(76, 110)
(76, 455)
(76, 567)
(77, 44)
(77, 137)
(77, 437)
(78, 68)
(78, 150)
(78, 359)
(78, 437)
(79, 37)
(79, 66)
(79, 279)
(79, 284)
(79, 563)
(80, 97)
(80, 202)
(81, 225)
(81, 268)
(82, 44)
(82, 202)
(82, 257)
(84, 34)
(84, 190)
(85, 41)
(86, 40)
(86, 87)
(86, 315)
(87, 102)
(87, 228)
(88, 25)
(88, 218)
(89, 16)
(89, 568)
(90, 10)
(90, 46)
(90, 554)
(91, 59)
(91, 77)
(92, 14)
(92, 50)
(92, 78)
(92, 221)
(93, 30)
(93, 86)
(93, 292)
(94, 188)
(94, 207)
(95, 8)
(95, 202)
(96, 13)
(96, 21)
(96, 239)
(96, 316)
(97, 48)
(97, 197)
(97, 231)
(97, 547)
(97, 554)
(98, 184)
(98, 197)
(99, 23)
(99, 204)
(99, 218)
(100, 14)
(100, 44)
(100, 183)
(100, 475)
(101, 73)
(101, 415)
(101, 467)
(102, 99)
(102, 439)
(103, 111)
(103, 479)
(104, 54)
(104, 240)
(104, 416)
(104, 444)
(105, 266)
(106, 207)
(106, 208)
(107, 236)
(108, 548)
(111, 61)
(111, 123)
(111, 213)
(111, 216)
(111, 296)
(111, 485)
(112, 27)
(112, 48)
(112, 230)
(113, 444)
(114, 181)
(115, 183)
(115, 229)
(115, 429)
(115, 438)
(115, 542)
(116, 20)
(116, 418)
(116, 438)
(117, 20)
(117, 33)
(117, 252)
(117, 349)
(118, 23)
(118, 48)
(118, 245)
(118, 435)
(119, 239)
(119, 437)
(119, 447)
(119, 487)
(120, 56)
(120, 241)
(120, 256)
(121, 115)
(121, 122)
(121, 490)
(122, 198)
(122, 324)
(124, 224)
(124, 425)
(125, 18)
(125, 537)
(125, 549)
(127, 439)
(127, 510)
(128, 122)
(128, 376)
(128, 428)
(128, 522)
(129, 17)
(129, 18)
(129, 184)
(129, 499)
(129, 563)
(130, 240)
(131, 431)
(131, 441)
(131, 466)
(132, 76)
(132, 253)
(132, 472)
(133, 433)
(133, 434)
(134, 380)
(135, 64)
(135, 217)
(135, 218)
(135, 458)
(136, 37)
(137, 118)
(137, 423)
(138, 84)
(138, 208)
(138, 354)
(138, 497)
(138, 533)
(139, 314)
(139, 435)
(139, 577)
(140, 126)
(142, 75)
(142, 83)
(142, 337)
(142, 384)
(142, 434)
(142, 475)
(143, 475)
(144, 49)
(144, 79)
(144, 301)
(144, 379)
(144, 422)
(145, 334)
(146, 432)
(147, 38)
(147, 141)
(147, 237)
(148, 226)
(148, 346)
(148, 485)
(149, 238)
(150, 22)
(150, 42)
(150, 77)
(150, 80)
(150, 185)
(151, 158)
(151, 478)
(151, 487)
(152, 9)
(152, 33)
(152, 99)
(152, 136)
(152, 161)
(152, 322)
(152, 358)
(152, 373)
(152, 408)
(152, 604)
(153, 390)
(153, 490)
(154, 21)
(154, 36)
(154, 462)
(155, 184)
(155, 230)
(155, 313)
(155, 328)
(156, 126)
(157, 480)
(157, 518)
(157, 519)
(158, 230)
(158, 233)
(158, 307)
(158, 513)
(159, 31)
(159, 145)
(159, 237)
(159, 310)
(160, 119)
(160, 320)
(160, 598)
(161, 75)
(161, 136)
(161, 144)
(161, 321)
(161, 376)
(161, 420)
(161, 595)
(162, 65)
(162, 458)
(163, 46)
(165, 121)
(165, 343)
(165, 480)
(165, 487)
(166, 25)
(166, 522)
(167, 137)
(167, 538)
(168, 51)
(168, 97)
(168, 150)
(168, 371)
(168, 404)
(169, 30)
(169, 417)
(169, 596)
(170, 55)
(170, 262)
(171, 22)
(171, 98)
(171, 238)
(171, 595)
(171, 637)
(172, 42)
(172, 95)
(172, 145)
(172, 479)
(172, 646)
(173, 142)
(173, 283)
(173, 433)
(173, 595)
(174, 117)
(174, 124)
(175, 136)
(175, 644)
(177, 639)
(178, 143)
(178, 364)
(178, 513)
(179, 390)
(179, 532)
(180, 28)
(182, 107)
(182, 568)
(183, 637)
(184, 398)
(185, 151)
(185, 188)
(185, 248)
(185, 599)
(186, 89)
(186, 112)
(186, 154)
(186, 194)
(186, 294)
(186, 606)
(187, 82)
(187, 86)
(187, 148)
(187, 169)
(187, 224)
(187, 642)
(188, 193)
(188, 290)
(188, 325)
(188, 420)
(188, 422)
(188, 569)
(189, 53)
(189, 74)
(189, 164)
(189, 187)
(189, 259)
(189, 418)
(190, 155)
(190, 227)
(190, 376)
(191, 533)
(192, 163)
(192, 196)
(192, 605)
(193, 192)
(194, 643)
(195, 195)
(196, 96)
(196, 406)
(197, 520)
(198, 10)
(198, 14)
(199, 197)
(199, 380)
(199, 381)
(200, 77)
(200, 278)
(200, 479)
(201, 305)
(201, 479)
(201, 483)
(202, 171)
(202, 482)
(203, 90)
(203, 243)
(203, 248)
(204, 605)
(204, 619)
(205, 45)
(205, 185)
(205, 460)
(206, 361)
(206, 603)
(206, 615)
(207, 184)
(207, 393)
(207, 486)
(207, 522)
(207, 603)
(207, 626)
(208, 275)
(208, 534)
(209, 143)
(209, 630)
(210, 142)
(210, 216)
(210, 218)
(210, 631)
(211, 77)
(211, 96)
(211, 536)
(211, 566)
(212, 73)
(213, 137)
(213, 362)
(213, 411)
(214, 140)
(214, 459)
(214, 640)
(215, 285)
(215, 610)
(216, 406)
(216, 440)
(216, 627)
(217, 18)
(217, 112)
(217, 130)
(217, 361)
(217, 620)
(218, 8)
(218, 99)
(218, 155)
(218, 286)
(218, 406)
(219, 507)
(219, 525)
(219, 623)
(220, 47)
(220, 353)
(220, 506)
(221, 295)
(221, 459)
(221, 505)
(223, 135)
(223, 211)
(224, 150)
(224, 219)
(224, 220)
(224, 315)
(225, 498)
(226, 153)
(227, 256)
(227, 404)
(229, 493)
(230, 343)
(230, 529)
(231, 177)
(231, 372)
(232, 288)
(232, 350)
(232, 399)
(232, 429)
(233, 267)
(233, 419)
(234, 382)
(234, 396)
(235, 47)
(235, 56)
(235, 83)
(235, 84)
(235, 143)
(235, 205)
(235, 394)
(235, 453)
(236, 38)
(236, 39)
(236, 356)
(236, 476)
(237, 147)
(239, 160)
(241, 180)
(242, 338)
(244, 399)
(244, 416)
(244, 579)
(245, 41)
(245, 49)
(245, 334)
(245, 484)
(246, 146)
(246, 304)
(247, 404)
(248, 164)
(250, 119)
(251, 254)
(251, 395)
(251, 398)
(252, 176)
(252, 331)
(253, 469)
(254, 154)
(254, 192)
(256, 140)
(256, 187)
(256, 490)
(256, 500)
(256, 508)
(257, 117)
(257, 252)
(257, 413)
(258, 117)
(258, 471)
(259, 491)
(260, 116)
(260, 304)
(261, 61)
(261, 62)
(261, 117)
(261, 129)
(261, 152)
(261, 405)
(261, 418)
(262, 62)
(262, 100)
(262, 507)
(263, 96)
(263, 420)
(263, 627)
(264, 138)
(264, 344)
(265, 18)
(265, 255)
(265, 378)
(265, 506)
(267, 123)
(267, 244)
(268, 415)
(269, 13)
(269, 16)
(269, 449)
(269, 501)
(270, 123)
(270, 397)
(270, 572)
(270, 641)
(272, 578)
(272, 646)
(273, 321)
(274, 84)
(274, 436)
(275, 77)
(275, 159)
(275, 350)
(276, 313)
(276, 492)
(277, 20)
(277, 211)
(277, 614)
(279, 20)
(279, 37)
(280, 308)
(281, 16)
(281, 27)
(281, 37)
(281, 228)
(281, 453)
(281, 457)
(282, 394)
(283, 15)
(283, 254)
(283, 313)
(283, 357)
(283, 585)
(283, 594)
(284, 232)
(285, 20)
(285, 101)
(285, 195)
(285, 256)
(286, 126)
(286, 130)
(287, 29)
(287, 66)
(287, 145)
(288, 104)
(288, 242)
(289, 236)
(290, 101)
(291, 493)
(292, 23)
(292, 39)
(292, 61)
(293, 26)
(293, 96)
(293, 97)
(293, 195)
(294, 100)
(294, 107)
(294, 490)
(295, 65)
(295, 124)
(295, 144)
(296, 41)
(296, 426)
(296, 511)
(296, 582)
(297, 512)
(298, 164)
(299, 57)
(299, 67)
(299, 83)
(299, 626)
(300, 203)
(300, 443)
(301, 27)
(301, 311)
(302, 101)
(303, 25)
(303, 124)
(303, 289)
(303, 569)
(303, 577)
(304, 65)
(304, 278)
(304, 297)
(304, 337)
(304, 624)
(305, 188)
(305, 309)
(305, 462)
(305, 579)
(306, 272)
(306, 280)
(306, 365)
(306, 383)
(307, 124)
(307, 285)
(308, 67)
(308, 155)
(308, 641)
(311, 11)
(311, 193)
(311, 230)
(311, 286)
(311, 469)
(312, 215)
(312, 645)
(313, 209)
(314, 118)
(314, 633)
(315, 46)
(315, 79)
(315, 114)
(315, 126)
(315, 152)
(315, 171)
(315, 295)
(315, 424)
(316, 163)
(317, 91)
(317, 197)
(317, 265)
(317, 596)
(318, 198)
(318, 451)
(318, 462)
(319, 32)
(319, 481)
(319, 627)
(320, 86)
(320, 108)
(320, 183)
(320, 225)
(320, 481)
(320, 542)
(321, 219)
(321, 228)
(321, 458)
(323, 20)
(323, 281)
(324, 35)
(324, 75)
(324, 232)
(324, 325)
(325, 325)
(325, 435)
(326, 39)
(326, 50)
(326, 212)
(327, 9)
(327, 41)
(327, 253)
(327, 510)
(327, 587)
(327, 641)
(328, 161)
(328, 486)
(329, 629)
(330, 140)
(330, 328)
(331, 228)
(331, 307)
(332, 162)
(332, 447)
(333, 68)
(333, 220)
(333, 258)
(333, 434)
(334, 111)
(334, 139)
(334, 369)
(334, 415)
(334, 417)
(335, 10)
(335, 370)
(335, 647)
(336, 114)
(336, 261)
(337, 302)
(337, 424)
(338, 99)
(338, 206)
(338, 210)
(338, 285)
(339, 17)
(339, 304)
(339, 324)
(339, 350)
(339, 367)
(340, 144)
(340, 482)
(341, 27)
(341, 73)
(341, 231)
(341, 355)
(342, 41)
(344, 232)
(344, 296)
(345, 37)
(345, 438)
(346, 55)
(346, 392)
(347, 164)
(347, 308)
(347, 395)
(347, 441)
(348, 90)
(348, 385)
(348, 404)
(349, 439)
(350, 11)
(350, 119)
(350, 184)
(350, 369)
(351, 381)
(352, 86)
(352, 117)
(352, 287)
(353, 113)
(354, 185)
(354, 433)
(355, 21)
(355, 395)
(356, 16)
(356, 283)
(357, 52)
(357, 568)
(358, 19)
(358, 563)
(359, 107)
(359, 232)
(359, 310)
(359, 624)
(360, 23)
(360, 114)
(360, 169)
(361, 54)
(361, 315)
(361, 378)
(361, 638)
(363, 33)
(363, 577)
(363, 623)
(364, 32)
(364, 119)
(365, 164)
(365, 326)
(365, 628)
(366, 146)
(366, 542)
(366, 638)
(367, 648)
(368, 115)
(368, 160)
(368, 511)
(368, 636)
(369, 536)
(369, 643)
(370, 11)
(370, 15)
(370, 147)
(370, 233)
(370, 506)
(371, 12)
(371, 456)
(371, 596)
(372, 66)
(372, 114)
(372, 394)
(373, 153)
(373, 386)
(374, 113)
(374, 334)
(374, 457)
(375, 149)
(375, 159)
(375, 347)
(375, 496)
(376, 77)
(376, 152)
(377, 112)
(377, 299)
(378, 39)
(378, 277)
(378, 308)
(379, 18)
(379, 54)
(380, 73)
(380, 270)
(381, 26)
(381, 187)
(382, 383)
(384, 70)
(384, 160)
(384, 393)
(384, 443)
(385, 126)
(386, 277)
(386, 423)
(386, 623)
(387, 168)
(387, 195)
(387, 357)
(388, 189)
(388, 278)
(388, 352)
(388, 355)
(388, 461)
(388, 624)
(388, 627)
(389, 267)
(389, 309)
(389, 423)
(389, 443)
(389, 464)
(390, 108)
(390, 355)
(391, 18)
(391, 72)
(392, 67)
(393, 20)
(394, 64)
(395, 24)
(395, 105)
(396, 267)
(397, 338)
(397, 356)
(398, 26)
(398, 356)
(398, 458)
(398, 586)
(399, 291)
(400, 38)
(400, 140)
(400, 350)
(400, 414)
(401, 17)
(401, 53)
(401, 141)
(401, 242)
(402, 144)
(402, 177)
(402, 396)
(403, 12)
(403, 17)
(403, 75)
(404, 88)
(404, 156)
(404, 354)
(404, 405)
(405, 137)
(405, 275)
(406, 65)
(406, 195)
(406, 252)
(406, 342)
(407, 233)
(408, 110)
(409, 157)
(409, 440)
(410, 186)
(410, 425)
(411, 189)
(411, 225)
(413, 99)
(414, 36)
(414, 40)
(414, 107)
(414, 117)
(414, 299)
(415, 246)
(415, 298)
(416, 144)
(416, 243)
(416, 261)
(416, 348)
(416, 500)
(417, 16)
(417, 207)
(417, 262)
(418, 27)
(419, 626)
(420, 290)
(420, 509)
(420, 565)
(421, 408)
(422, 498)
(423, 12)
(423, 119)
(423, 317)
(424, 81)
(424, 151)
(424, 224)
(424, 278)
(424, 285)
(425, 123)
(425, 274)
(425, 303)
(425, 320)
(425, 649)
(426, 19)
(426, 259)
(426, 304)
(426, 310)
(426, 428)
(426, 516)
(427, 60)
(427, 88)
(427, 156)
(427, 194)
(427, 265)
(427, 279)
(427, 312)
(427, 319)
(428, 19)
(428, 20)
(428, 230)
(428, 313)
(428, 317)
(428, 338)
(429, 148)
(430, 85)
(430, 202)
(431, 39)
(431, 227)
(431, 228)
(432, 16)
(432, 53)
(432, 90)
(432, 165)
(433, 63)
(433, 72)
(433, 163)
(434, 24)
(434, 45)
(434, 72)
(434, 77)
(434, 238)
(435, 43)
(435, 90)
(435, 173)
(435, 276)
(435, 337)
(435, 589)
(436, 91)
(436, 182)
(436, 234)
(437, 61)
(437, 82)
(437, 172)
(437, 173)
(437, 304)
(437, 305)
(438, 49)
(438, 163)
(438, 176)
(438, 271)
(439, 91)
(439, 179)
(439, 285)
(439, 299)
(440, 133)
(440, 177)
(440, 226)
(440, 273)
(440, 344)
(442, 230)
(442, 264)
(442, 279)
(442, 305)
(442, 619)
(443, 50)
(443, 70)
(443, 72)
(443, 198)
(443, 228)
(443, 230)
(443, 307)
(444, 64)
(444, 216)
(444, 233)
(444, 244)
(444, 479)
(444, 482)
(445, 20)
(445, 135)
(446, 65)
(446, 168)
(446, 384)
(446, 476)
(446, 523)
(446, 598)
(446, 619)
(447, 21)
(447, 86)
(447, 299)
(447, 630)
(448, 68)
(448, 83)
(449, 34)
(449, 39)
(449, 181)
(449, 320)
(450, 409)
(451, 30)
(453, 88)
(453, 94)
(453, 142)
(453, 270)
(453, 529)
(453, 632)
(455, 70)
(455, 84)
(455, 281)
(455, 356)
(455, 527)
(456, 82)
(456, 85)
(456, 86)
(456, 93)
(456, 157)
(456, 285)
(456, 365)
(456, 475)
(457, 84)
(457, 332)
(458, 84)
(458, 86)
(458, 87)
(458, 284)
(458, 355)
(458, 406)
(458, 561)
(459, 53)
(459, 74)
(459, 84)
(459, 185)
(459, 335)
(459, 536)
(460, 276)
(460, 364)
(461, 71)
(461, 210)
(461, 279)
(461, 581)
(462, 165)
(462, 280)
(462, 349)
(463, 190)
(463, 287)
(463, 370)
(463, 645)
(464, 89)
(464, 91)
(464, 348)
(465, 58)
(465, 195)
(466, 176)
(466, 349)
(467, 56)
(467, 193)
(467, 282)
(467, 327)
(468, 78)
(468, 92)
(469, 79)
(469, 96)
(469, 98)
(470, 79)
(471, 140)
(471, 188)
(472, 114)
(472, 457)
(473, 244)
(473, 295)
(474, 244)
(475, 189)
(475, 466)
(476, 56)
(476, 60)
(476, 121)
(476, 314)
(476, 462)
(476, 463)
(477, 50)
(477, 66)
(477, 379)
(478, 119)
(478, 122)
(478, 203)
(478, 285)
(478, 424)
(478, 620)
(479, 336)
(479, 409)
(479, 453)
(479, 619)
(480, 128)
(480, 171)
(480, 285)
(480, 376)
(480, 515)
(481, 13)
(481, 282)
(481, 526)
(483, 124)
(483, 245)
(483, 504)
(484, 258)
(484, 270)
(484, 333)
(484, 536)
(485, 96)
(485, 162)
(485, 293)
(485, 504)
(485, 537)
(486, 93)
(486, 100)
(486, 127)
(486, 161)
(486, 251)
(486, 564)
(486, 565)
(487, 255)
(487, 434)
(487, 494)
(488, 98)
(488, 125)
(488, 141)
(488, 190)
(488, 246)
(489, 213)
(489, 306)
(490, 248)
(492, 203)
(492, 260)
(492, 401)
(492, 441)
(492, 444)
(493, 270)
(493, 397)
(494, 488)
(494, 490)
(495, 150)
(495, 152)
(495, 364)
(497, 137)
(497, 267)
(497, 296)
(497, 342)
(498, 204)
(498, 243)
(498, 492)
(499, 136)
(499, 155)
(499, 214)
(499, 321)
(499, 562)
(500, 235)
(500, 362)
(501, 32)
(501, 142)
(502, 102)
(502, 125)
(502, 139)
(502, 282)
(502, 617)
(503, 107)
(503, 159)
(503, 216)
(504, 173)
(504, 480)
(504, 481)
(504, 624)
(505, 636)
(507, 101)
(507, 102)
(507, 103)
(508, 106)
(508, 144)
(508, 255)
(508, 326)
(508, 335)
(509, 184)
(509, 255)
(509, 457)
(510, 134)
(510, 173)
(510, 230)
(510, 597)
(511, 184)
(511, 188)
(511, 230)
(511, 253)
(511, 295)
(512, 115)
(512, 162)
(512, 183)
(512, 230)
(512, 413)
(512, 484)
(513, 51)
(513, 101)
(513, 119)
(513, 185)
(513, 375)
(513, 416)
(514, 122)
(514, 229)
(514, 254)
(515, 124)
(515, 140)
(515, 149)
(515, 181)
(515, 210)
(515, 253)
(515, 256)
(515, 499)
(516, 150)
(516, 164)
(516, 349)
(517, 115)
(517, 492)
(518, 120)
(518, 123)
(518, 125)
(518, 140)
(518, 307)
(518, 397)
(519, 117)
(519, 332)
(519, 384)
(520, 270)
(521, 120)
(521, 166)
(521, 209)
(522, 112)
(522, 126)
(522, 130)
(522, 218)
(522, 325)
(522, 334)
(523, 114)
(523, 267)
(523, 454)
(525, 243)
(525, 244)
(525, 455)
(526, 104)
(527, 210)
(528, 358)
(528, 554)
(530, 359)
(531, 118)
(531, 358)
(532, 197)
(533, 393)
(534, 26)
(535, 286)
(535, 292)
(535, 550)
(536, 331)
(536, 439)
(537, 81)
(537, 185)
(538, 112)
(539, 93)
(539, 150)
(539, 288)
(539, 301)
(539, 341)
(540, 83)
(540, 108)
(540, 307)
(542, 560)
(545, 94)
(545, 98)
(546, 288)
(547, 290)
(547, 291)
(547, 364)
(548, 98)
(548, 227)
(548, 239)
(548, 292)
(548, 383)
(550, 289)
(551, 290)
(553, 299)
(553, 385)
(554, 35)
(555, 227)
(556, 286)
(556, 297)
(556, 364)
(556, 586)
(558, 266)
(558, 291)
(559, 20)
(559, 192)
(560, 292)
(561, 433)
(561, 596)
(562, 254)
(563, 643)
(564, 35)
(565, 647)
(566, 646)
(567, 24)
(567, 30)
(567, 646)
(568, 308)
(568, 464)
(568, 480)
(569, 431)
(569, 590)
(569, 634)
(570, 164)
(570, 415)
(571, 52)
(571, 163)
(571, 169)
(572, 171)
(572, 214)
(572, 255)
(572, 257)
(572, 357)
(573, 157)
(573, 372)
(575, 156)
(575, 500)
(575, 529)
(576, 201)
(576, 228)
(576, 256)
(576, 451)
(576, 491)
(576, 530)
(577, 214)
(577, 215)
(577, 230)
(578, 155)
(578, 407)
(579, 157)
(579, 272)
(580, 156)
(580, 216)
(581, 537)
(582, 347)
(582, 450)
(582, 538)
(583, 37)
(583, 525)
(584, 165)
(584, 527)
(585, 204)
(585, 478)
(585, 650)
(586, 57)
(586, 62)
(586, 199)
(586, 474)
(586, 528)
(586, 614)
(588, 361)
(589, 41)
(589, 178)
(589, 361)
(589, 384)
(590, 196)
(590, 294)
(590, 387)
(590, 420)
(590, 648)
(591, 158)
(591, 162)
(591, 261)
(591, 441)
(592, 183)
(592, 388)
(592, 633)
(593, 45)
(593, 62)
(593, 151)
(593, 162)
(594, 158)
(594, 223)
(594, 349)
(594, 351)
(595, 271)
(595, 286)
(595, 344)
(596, 126)
(596, 160)
(596, 220)
(596, 380)
(596, 540)
(597, 160)
(597, 166)
(597, 184)
(597, 185)
(598, 184)
(598, 256)
(599, 162)
(599, 226)
(599, 256)
(599, 257)
(599, 373)
(600, 159)
(600, 162)
(600, 455)
(602, 53)
(602, 258)
(603, 205)
(603, 359)
(604, 137)
(604, 158)
(604, 338)
(605, 149)
(605, 201)
(605, 412)
(606, 153)
(606, 331)
(606, 453)
(607, 226)
(608, 392)
(609, 350)
(609, 441)
(610, 351)
(610, 445)
(611, 226)
(611, 482)
(612, 133)
(612, 286)
(612, 355)
(613, 336)
(614, 128)
(614, 130)
(614, 232)
(614, 416)
(614, 645)
(615, 135)
(615, 520)
(616, 412)
(617, 130)
(617, 144)
(617, 152)
(617, 185)
(617, 214)
(617, 310)
(617, 348)
(617, 383)
(617, 528)
(618, 383)
(619, 185)
(619, 347)
(620, 219)
(620, 244)
(621, 412)
(622, 83)
(622, 123)
(622, 416)
(623, 226)
(623, 451)
(624, 245)
(624, 408)
(625, 149)
(625, 153)
(626, 141)
(626, 147)
(626, 148)
(626, 257)
(626, 288)
(626, 411)
(626, 540)
(626, 591)
(627, 152)
(627, 153)
(627, 181)
(627, 246)
(627, 300)
(627, 341)
(627, 370)
(628, 244)
(628, 342)
(628, 496)
(628, 588)
(629, 233)
(629, 371)
(630, 132)
(630, 151)
(631, 107)
(632, 244)
(632, 303)
(632, 313)
(632, 332)
(633, 233)
(633, 380)
(633, 501)
(634, 261)
(634, 310)
(634, 399)
(635, 224)
(636, 261)
(637, 280)
(637, 391)
(638, 284)
(638, 623)
(638, 625)
(640, 212)
(640, 294)
(641, 264)
(641, 295)
(641, 308)
(641, 470)
(641, 599)
(642, 241)
(643, 341)
(643, 387)
(645, 379)
(646, 120)
(646, 228)
(647, 278)
(647, 288)
(647, 356)
(647, 379)
(648, 247)
(648, 300)
(649, 370)
(650, 142)
(650, 249)
(650, 349)
(651, 305)
(652, 126)
(652, 128)
(652, 469)
(652, 597)
(653, 142)
(653, 383)
(655, 266)
(655, 385)
(656, 121)
(656, 280)
(657, 253)
(657, 600)
(658, 412)
(659, 285)
(659, 325)
(659, 372)
(659, 423)
(659, 462)
(660, 338)
(662, 336)
(663, 231)
(663, 312)
(663, 437)
(663, 598)
(664, 400)
(666, 179)
(667, 139)
(667, 182)
(667, 242)
(668, 161)
(668, 492)
(668, 561)
(669, 146)
(669, 164)
(670, 160)
(670, 257)
(670, 274)
(672, 143)
(672, 163)
(672, 415)
(672, 526)
(672, 545)
(673, 262)
(674, 305)
(674, 306)
(674, 397)
(674, 435)
(675, 279)
(675, 442)
(675, 463)
(675, 467)
(676, 544)
(677, 306)
(678, 388)
(678, 421)
(679, 425)
(680, 163)
(680, 337)
(680, 338)
(680, 399)
(681, 149)
(681, 165)
(681, 316)
(681, 544)
(683, 237)
(683, 387)
(683, 419)
(684, 104)
(684, 386)
(685, 176)
(685, 419)
(687, 268)
(687, 467)
(687, 474)
(688, 119)
(688, 130)
(688, 269)
(689, 303)
(690, 125)
(691, 238)
(691, 324)
(691, 441)
(691, 459)
(692, 117)
(693, 242)
(693, 457)
(693, 576)
(694, 28)
(694, 202)
(694, 309)
(694, 329)
(695, 178)
(696, 180)
(696, 185)
(696, 202)
(696, 326)
(697, 180)
(697, 186)
(697, 325)
(697, 350)
(698, 135)
(698, 249)
(699, 249)
(699, 321)
(700, 189)
(700, 340)
(701, 360)
(702, 121)
(702, 359)
(705, 121)
(706, 118)
(706, 129)
(708, 219)
(708, 221)
(708, 306)
(708, 389)
(708, 417)
(708, 478)
(709, 57)
(709, 168)
(709, 305)
(709, 306)
(709, 462)
(709, 557)
(710, 66)
(710, 320)
(711, 63)
(711, 66)
(711, 282)
(711, 551)
(712, 282)
(713, 168)
(713, 220)
(713, 238)
(713, 476)
(714, 128)
(714, 450)
(714, 573)
(715, 120)
(715, 172)
(715, 223)
(715, 346)
(716, 65)
(716, 171)
(716, 201)
(716, 554)
(717, 126)
(717, 268)
(718, 195)
(718, 269)
(718, 557)
(719, 139)
(719, 283)
(719, 311)
(720, 211)
(720, 439)
(720, 446)
(720, 535)
(721, 242)
(721, 289)
(722, 190)
(722, 208)
(722, 229)
(722, 291)
(722, 369)
(723, 184)
(723, 190)
(723, 232)
(723, 337)
(724, 331)
(724, 483)
(725, 203)
(725, 219)
(725, 230)
(725, 335)
(726, 238)
(727, 213)
(728, 291)
(729, 298)
(729, 361)
(730, 280)
(731, 290)
(731, 296)
(732, 171)
(732, 254)
(732, 264)
(732, 313)
(732, 549)
(733, 199)
(733, 275)
(733, 321)
(733, 410)
(733, 507)
(733, 548)
(734, 252)
(734, 256)
(734, 504)
(735, 252)
(735, 253)
(735, 266)
(735, 275)
(735, 379)
(735, 492)
(736, 431)
(737, 157)
(737, 430)
(738, 140)
(738, 159)
(738, 204)
(738, 229)
(738, 240)
(738, 243)
(738, 273)
(739, 138)
(739, 155)
(739, 232)
(740, 167)
(740, 427)
(740, 432)
(741, 198)
(741, 242)
(741, 248)
(741, 470)
(742, 31)
(742, 236)
(742, 254)
(742, 416)
(743, 228)
(744, 253)
(744, 254)
(744, 314)
(745, 125)
(745, 147)
(745, 166)
(745, 227)
(745, 286)
(746, 103)
(746, 224)
(746, 225)
(746, 296)
(746, 360)
(746, 447)
(747, 12)
(747, 115)
(747, 226)
(747, 504)
(748, 148)
(748, 182)
(748, 232)
(748, 364)
(748, 403)
(749, 119)
(750, 234)
(750, 307)
(751, 119)
(751, 139)
(751, 212)
(751, 219)
(751, 308)
(751, 462)
(751, 464)
(752, 333)
(753, 247)
(754, 248)
(754, 284)
(754, 306)
(754, 499)
(754, 514)
(755, 219)
(755, 237)
(755, 299)
(755, 305)
(755, 334)
(756, 335)
(756, 490)
(757, 109)
(757, 224)
(757, 303)
(757, 310)
(757, 494)
(757, 496)
(757, 519)
(758, 174)
(758, 248)
(758, 304)
(758, 316)
(758, 550)
(759, 105)
(759, 242)
(759, 341)
(759, 440)
(760, 235)
(760, 304)
(761, 179)
(762, 170)
(762, 300)
(762, 312)
(762, 500)
(762, 588)
(763, 183)
(763, 386)
(763, 495)
(764, 84)
(764, 183)
(764, 211)
(764, 310)
(764, 393)
(764, 447)
(764, 476)
(765, 111)
(765, 309)
(765, 477)
(766, 388)
(767, 300)
(768, 120)
(768, 171)
(768, 318)
(770, 311)
(770, 571)
(771, 370)
(771, 371)
(771, 497)
(771, 618)
(772, 64)
(772, 70)
(772, 309)
(773, 77)
(773, 78)
(773, 136)
(773, 309)
(773, 365)
(773, 393)
(773, 404)
(773, 462)
(773, 633)
(775, 112)
(775, 448)
(776, 305)
(776, 346)
(777, 292)
(777, 470)
(777, 512)
(778, 510)
(779, 125)
(779, 313)
(779, 332)
(779, 442)
(779, 509)
(780, 83)
(780, 87)
(780, 109)
(780, 126)
(781, 506)
(781, 632)
(782, 455)
(782, 476)
(782, 632)
(783, 92)
(783, 98)
(783, 138)
(783, 324)
(783, 629)
(784, 81)
(784, 110)
(784, 335)
(784, 343)
(784, 493)
(784, 604)
(785, 84)
(785, 100)
(785, 139)
(785, 350)
(785, 462)
(785, 477)
(786, 492)
(786, 524)
(787, 129)
(787, 347)
(787, 501)
(788, 63)
(788, 147)
(788, 543)
(789, 87)
(789, 95)
(789, 331)
(789, 353)
(789, 445)
(790, 147)
(791, 59)
(791, 60)
(791, 528)
(792, 115)
(792, 138)
(792, 448)
(793, 335)
(793, 633)
(794, 174)
(794, 320)
(794, 608)
(795, 90)
(795, 365)
(795, 372)
(795, 434)
(796, 76)
(796, 189)
(797, 76)
(797, 94)
(797, 361)
(797, 374)
(797, 407)
(797, 433)
(798, 78)
(798, 361)
(798, 374)
(798, 410)
(798, 436)
(799, 66)
(799, 123)
(799, 125)
(799, 262)
(799, 498)
(799, 515)
(800, 115)
(800, 119)
(800, 133)
(800, 164)
(800, 198)
(800, 288)
(800, 363)
(800, 441)
(801, 596)
(802, 81)
(802, 82)
(803, 158)
(803, 302)
(803, 593)
(804, 300)
(804, 456)
(804, 552)
(805, 114)
(805, 188)
(805, 336)
(805, 405)
(806, 62)
(806, 91)
(806, 148)
(806, 265)
(806, 270)
(806, 289)
(806, 293)
(806, 405)
(806, 597)
(807, 134)
(807, 295)
(807, 337)
(807, 621)
(808, 166)
(808, 167)
(808, 337)
(808, 452)
(809, 224)
(809, 519)
(810, 50)
(810, 110)
(810, 128)
(810, 338)
(810, 441)
(811, 224)
(811, 425)
(811, 443)
(812, 72)
(812, 124)
(812, 142)
(812, 178)
(812, 386)
(813, 125)
(813, 179)
(813, 291)
(813, 306)
(813, 363)
(813, 364)
(814, 45)
(814, 47)
(814, 134)
(814, 200)
(814, 201)
(814, 267)
(814, 297)
(814, 351)
(815, 130)
(815, 315)
(816, 38)
(816, 57)
(816, 121)
(816, 122)
(816, 290)
(816, 293)
(817, 15)
(817, 132)
(817, 273)
(817, 343)
(817, 350)
(818, 61)
(818, 99)
(818, 242)
(818, 285)
(818, 286)
(818, 445)
(819, 444)
(820, 102)
(820, 137)
(820, 411)
(820, 561)
(821, 10)
(821, 38)
(821, 79)
(821, 165)
(821, 239)
(822, 186)
(823, 52)
(823, 91)
(823, 133)
(823, 169)
(823, 466)
(824, 37)
(824, 62)
(824, 106)
(824, 131)
(824, 166)
(824, 187)
(824, 242)
(824, 265)
(825, 127)
(825, 153)
(825, 185)
(826, 101)
(826, 105)
(826, 111)
(826, 122)
(826, 188)
(826, 405)
(826, 558)
(827, 69)
(827, 138)
(827, 204)
(827, 235)
(827, 236)
(827, 253)
(828, 47)
(828, 68)
(828, 124)
(828, 136)
(828, 151)
(828, 160)
(828, 166)
(828, 173)
(828, 245)
(828, 416)
(828, 572)
(829, 26)
(829, 131)
(829, 154)
(829, 166)
(829, 357)
(830, 31)
(830, 66)
(830, 155)
(830, 173)
(830, 190)
(830, 345)
(831, 93)
(831, 94)
(831, 157)
(831, 409)
(831, 458)
(831, 487)
(832, 158)
(832, 243)
(832, 356)
(832, 484)
(832, 568)
(833, 28)
(833, 33)
(833, 171)
(833, 257)
(833, 566)
(834, 45)
(834, 199)
(834, 203)
(834, 454)
(834, 481)
(834, 568)
(835, 182)
(835, 223)
(835, 257)
(835, 463)
(835, 478)
(835, 568)
(836, 239)
(836, 487)
(836, 490)
(837, 63)
(838, 64)
(838, 73)
(838, 261)
(838, 619)
(839, 43)
(839, 45)
(839, 109)
(839, 124)
(839, 264)
(839, 321)
(839, 370)
(839, 434)
(840, 70)
(840, 71)
(840, 73)
(840, 76)
(840, 110)
(840, 224)
(840, 229)
(840, 611)
(841, 87)
(841, 125)
(841, 253)
(841, 368)
(841, 369)
(841, 543)
(842, 19)
(842, 24)
(842, 28)
(842, 68)
(842, 87)
(842, 90)
(842, 234)
(842, 266)
(842, 299)
(842, 326)
(842, 522)
(843, 26)
(843, 67)
(843, 328)
(843, 522)
(844, 69)
(844, 82)
(844, 99)
(844, 102)
(844, 135)
(844, 264)
(844, 310)
(844, 468)
(844, 494)
(845, 128)
(846, 133)
(846, 292)
(846, 471)
(846, 521)
(846, 577)
(847, 78)
(847, 101)
(847, 169)
(847, 487)
(848, 169)
(849, 352)
(849, 423)
(849, 517)
(849, 579)
(850, 29)
(850, 51)
(850, 126)
(850, 211)
(851, 116)
(851, 156)
(851, 265)
(851, 368)
(852, 91)
(852, 131)
(852, 190)
(852, 369)
(852, 405)
(853, 46)
(853, 128)
(853, 165)
(853, 216)
(853, 481)
(854, 41)
(854, 321)
(854, 374)
(854, 485)
(854, 523)
(855, 63)
(855, 79)
(855, 132)
(855, 190)
(855, 208)
(855, 366)
(856, 23)
(856, 135)
(856, 188)
(856, 206)
(856, 215)
(856, 216)
(857, 37)
(857, 367)
(857, 370)
(858, 69)
(858, 95)
(858, 158)
(858, 317)
(858, 451)
(859, 103)
(859, 227)
(859, 268)
(859, 625)
(860, 145)
(860, 271)
(860, 298)
(860, 369)
(861, 234)
(861, 276)
(862, 36)
(862, 58)
(862, 145)
(862, 215)
(862, 276)
(862, 310)
(862, 367)
(863, 64)
(863, 492)
(864, 53)
(864, 210)
(864, 637)
(865, 16)
(865, 95)
(865, 99)
(865, 314)
(865, 486)
(866, 186)
(866, 284)
(866, 369)
(866, 471)
(866, 474)
(866, 610)
(867, 66)
(867, 122)
(867, 186)
(867, 198)
(867, 217)
(867, 232)
(867, 355)
(868, 99)
(868, 102)
(868, 337)
(868, 364)
(868, 471)
(869, 66)
(869, 87)
(869, 96)
(869, 189)
(869, 216)
(869, 412)
(870, 117)
(870, 214)
(870, 283)
(871, 16)
(871, 105)
(871, 198)
(871, 203)
(871, 223)
(872, 97)
(872, 238)
(873, 12)
(873, 35)
(873, 232)
(873, 497)
(873, 622)
(874, 15)
(874, 20)
(874, 151)
(874, 251)
(874, 343)
(875, 236)
(875, 265)
(875, 316)
(875, 524)
(876, 83)
(876, 98)
(876, 241)
(876, 281)
(876, 285)
(876, 366)
(877, 68)
(877, 81)
(877, 105)
(877, 143)
(877, 146)
(877, 160)
(877, 227)
(878, 46)
(878, 60)
(878, 82)
(878, 117)
(878, 306)
(879, 79)
(879, 170)
(879, 255)
(879, 525)
(880, 70)
(880, 92)
(880, 144)
(880, 148)
(880, 177)
(880, 199)
(880, 220)
(880, 237)
(880, 271)
(880, 291)
(880, 421)
(881, 202)
(881, 222)
(881, 234)
(881, 271)
(882, 19)
(882, 144)
(882, 170)
(882, 413)
(882, 424)
(883, 16)
(883, 18)
(883, 86)
(883, 278)
(883, 299)
(883, 308)
(884, 149)
(884, 268)
(884, 312)
(885, 218)
(885, 304)
(885, 315)
(886, 281)
(886, 312)
(886, 372)
(887, 18)
(887, 326)
(887, 369)
(887, 486)
(887, 548)
(888, 150)
(888, 219)
(888, 425)
(888, 611)
(889, 39)
(889, 56)
(889, 231)
(889, 302)
(889, 511)
(890, 214)
(890, 310)
(890, 376)
(890, 536)
(890, 601)
(891, 231)
(891, 311)
(891, 377)
(892, 29)
(892, 140)
(892, 425)
(892, 532)
(893, 74)
(893, 141)
(893, 188)
(893, 236)
(893, 291)
(893, 454)
(893, 539)
(894, 192)
(894, 376)
(894, 379)
(895, 15)
(895, 47)
(895, 58)
(895, 225)
(895, 351)
(896, 261)
(896, 284)
(896, 305)
(896, 509)
(897, 84)
(897, 94)
(897, 376)
(897, 442)
(897, 553)
(898, 20)
(898, 123)
(898, 335)
(898, 424)
(898, 518)
(899, 110)
(899, 220)
(899, 255)
(899, 430)
(900, 70)
(900, 90)
(900, 95)
(900, 111)
(900, 211)
(900, 258)
(900, 323)
(900, 520)
(901, 149)
(901, 257)
(901, 325)
(901, 329)
(902, 98)
(902, 252)
(902, 289)
(902, 325)
(902, 372)
(902, 375)
(903, 92)
(903, 256)
(903, 349)
(903, 428)
(904, 241)
(904, 315)
(904, 507)
(905, 108)
(905, 326)
(906, 26)
(906, 106)
(906, 259)
(906, 334)
(906, 335)
(906, 337)
(906, 372)
(907, 13)
(907, 224)
(907, 236)
(907, 239)
(907, 307)
(907, 352)
(908, 166)
(908, 433)
(908, 510)
(909, 16)
(909, 18)
(909, 106)
(909, 207)
(909, 337)
(909, 650)
(910, 165)
(911, 19)
(911, 20)
(911, 124)
(911, 142)
(911, 226)
(911, 561)
(912, 67)
(912, 246)
(912, 254)
(912, 599)
(913, 238)
(914, 137)
(914, 443)
(915, 95)
(915, 104)
(915, 140)
(915, 603)
(915, 632)
(916, 239)
(916, 309)
(916, 386)
(916, 442)
(917, 134)
(917, 266)
(917, 316)
(917, 526)
(917, 550)
(919, 176)
(919, 198)
(919, 299)
(919, 335)
(919, 443)
(920, 235)
(920, 325)
(920, 331)
(920, 518)
(920, 637)
(921, 231)
(921, 255)
(922, 191)
(922, 328)
(922, 335)
(922, 541)
(923, 97)
(923, 167)
(923, 186)
(923, 334)
(923, 551)
(924, 72)
(924, 323)
(925, 75)
(925, 101)
(926, 216)
(926, 515)
(926, 543)
(927, 109)
(927, 185)
(927, 534)
(928, 90)
(928, 173)
(928, 194)
(928, 356)
(929, 386)
(929, 556)
(930, 128)
(930, 396)
(930, 444)
(930, 531)
(930, 581)
(931, 128)
(931, 129)
(931, 131)
(931, 171)
(931, 396)
(932, 128)
(932, 270)
(932, 445)
(932, 573)
(933, 142)
(933, 324)
(933, 388)
(933, 389)
(934, 329)
(935, 206)
(935, 463)
(935, 574)
(936, 206)
(937, 151)
(937, 229)
(937, 289)
(937, 349)
(937, 464)
(938, 26)
(938, 148)
(939, 248)
(939, 325)
(939, 336)
(939, 372)
(939, 565)
(939, 566)
(940, 115)
(940, 320)
(941, 257)
(941, 331)
(941, 339)
(941, 595)
(943, 224)
(943, 243)
(943, 463)
(943, 548)
(944, 226)
(944, 232)
(944, 318)
(944, 568)
(945, 401)
(945, 447)
(945, 469)
(945, 561)
(946, 254)
(948, 86)
(949, 164)
(949, 196)
(950, 91)
(950, 175)
(950, 213)
(950, 222)
(950, 243)
(950, 244)
(950, 518)
(951, 92)
(951, 112)
(951, 165)
(951, 242)
(951, 251)
(951, 437)
(951, 542)
(952, 135)
(952, 431)
(952, 470)
(953, 42)
(953, 264)
(953, 285)
(953, 320)
(953, 627)
(954, 163)
(954, 270)
(954, 394)
(954, 541)
(955, 72)
(955, 116)
(955, 121)
(955, 143)
(955, 162)
(955, 182)
(955, 221)
(955, 475)
(956, 11)
(956, 121)
(956, 221)
(956, 449)
(957, 196)
(957, 440)
(957, 442)
(958, 186)
(958, 199)
(958, 582)
(959, 15)
(959, 56)
(959, 147)
(959, 221)
(959, 369)
(959, 370)
(959, 391)
(959, 542)
(960, 178)
(960, 456)
(960, 584)
(961, 88)
(961, 188)
(961, 195)
(961, 396)
(961, 604)
(962, 189)
(962, 229)
(962, 308)
(962, 550)
(963, 141)
(964, 23)
(964, 45)
(964, 142)
(964, 206)
(964, 242)
(964, 399)
(965, 371)
(965, 372)
(966, 46)
(966, 215)
(966, 306)
(966, 308)
(966, 363)
(966, 477)
(967, 213)
(967, 245)
(967, 279)
(967, 306)
(967, 575)
(968, 38)
(968, 80)
(968, 88)
(968, 281)
(968, 539)
(969, 25)
(969, 34)
(969, 131)
(969, 206)
(969, 568)
(970, 99)
(970, 186)
(970, 191)
(970, 195)
(970, 264)
(970, 386)
(971, 58)
(971, 192)
(971, 207)
(971, 257)
(971, 595)
(971, 628)
(972, 198)
(973, 198)
(973, 417)
(973, 472)
(974, 260)
(974, 473)
(974, 474)
(974, 517)
(975, 128)
(975, 572)
(975, 573)
(976, 79)
(976, 80)
(976, 212)
(976, 293)
(976, 503)
(977, 193)
(977, 206)
(977, 474)
(977, 589)
(977, 623)
(978, 207)
(978, 208)
(978, 244)
(978, 282)
(978, 579)
(979, 142)
(979, 158)
(979, 201)
(979, 213)
(979, 289)
(979, 384)
(979, 391)
(980, 390)
(980, 416)
(980, 474)
(981, 148)
(982, 165)
(982, 288)
(982, 419)
(982, 477)
(983, 146)
(983, 217)
(983, 231)
(983, 420)
(983, 523)
(983, 542)
(984, 107)
(985, 118)
(985, 311)
(985, 393)
(986, 147)
(986, 162)
(986, 230)
(986, 248)
(986, 332)
(987, 170)
(987, 402)
(987, 411)
(987, 596)
(988, 116)
(988, 162)
(989, 634)
(990, 16)
(990, 18)
(990, 59)
(990, 244)
(990, 330)
(990, 562)
(991, 202)
(991, 597)
(992, 84)
(992, 145)
(992, 363)
(992, 415)
(992, 638)
(993, 46)
(993, 155)
(994, 115)
(994, 396)
(994, 557)
(994, 562)
(994, 591)
(995, 283)
(995, 401)
(996, 29)
(996, 152)
(996, 196)
(996, 243)
(996, 281)
(996, 417)
(997, 70)
(998, 25)
(998, 177)
(998, 202)
(998, 217)
(998, 626)
(999, 52)
(1000, 124)
(1000, 335)
(1000, 634)
(1001, 483)
(1002, 71)
(1002, 197)
(1003, 160)
(1003, 525)
(1004, 161)
(1004, 637)
(1005, 106)
(1005, 340)
(1006, 155)
(1006, 302)
(1006, 429)
(1006, 441)
(1006, 542)
(1006, 566)
(1006, 568)
(1007, 33)
(1007, 154)
(1007, 159)
(1007, 414)
(1008, 114)
(1008, 211)
(1008, 316)
(1008, 638)
(1009, 27)
(1009, 78)
(1009, 95)
(1009, 109)
(1009, 155)
(1009, 639)
(1010, 90)
(1010, 205)
(1010, 505)
(1010, 581)
(1010, 584)
(1011, 29)
(1011, 45)
(1011, 103)
(1011, 201)
(1011, 223)
(1011, 609)
(1012, 51)
(1012, 202)
(1012, 247)
(1012, 313)
(1012, 582)
(1013, 121)
(1013, 240)
(1013, 570)
(1013, 615)
(1014, 47)
(1014, 51)
(1014, 290)
(1015, 146)
(1015, 582)
(1016, 110)
(1016, 145)
(1016, 445)
(1016, 631)
(1017, 162)
(1017, 234)
(1018, 144)
(1018, 161)
(1018, 198)
(1018, 587)
(1019, 194)
(1019, 199)
(1019, 315)
(1020, 236)
(1021, 115)
(1021, 437)
(1022, 40)
(1022, 41)
(1022, 56)
(1023, 167)
(1023, 542)
(1025, 543)
(1026, 299)
(1027, 24)
(1027, 455)
(1028, 13)
(1028, 291)
(1028, 452)
(1029, 198)
(1029, 234)
(1029, 416)
(1029, 620)
(1030, 45)
(1030, 163)
(1031, 310)
(1031, 432)
(1032, 238)
(1032, 480)
(1033, 189)
(1033, 228)
(1033, 372)
(1034, 213)
(1035, 111)
(1035, 218)
(1035, 224)
(1035, 434)
(1036, 229)
(1036, 554)
(1037, 175)
(1037, 237)
(1037, 284)
(1037, 602)
(1038, 53)
(1038, 535)
(1039, 120)
(1039, 309)
(1040, 106)
(1040, 200)
(1040, 310)
(1041, 54)
(1041, 158)
(1041, 186)
(1041, 225)
(1041, 311)
(1041, 516)
(1042, 115)
(1042, 116)
(1042, 157)
(1042, 224)
(1042, 279)
(1042, 337)
(1043, 171)
(1043, 458)
(1043, 602)
(1044, 21)
(1044, 53)
(1044, 172)
(1044, 558)
(1045, 162)
(1045, 458)
(1045, 459)
(1045, 625)
(1046, 15)
(1046, 19)
(1046, 51)
(1046, 210)
(1047, 16)
(1047, 349)
(1047, 461)
(1048, 235)
(1048, 435)
(1048, 458)
(1049, 310)
(1050, 71)
(1050, 243)
(1050, 352)
(1051, 182)
(1051, 212)
(1051, 290)
(1051, 446)
(1051, 482)
(1051, 490)
(1051, 601)
(1052, 29)
(1052, 309)
(1052, 314)
(1052, 333)
(1052, 594)
(1052, 599)
(1053, 118)
(1053, 348)
(1053, 363)
(1053, 421)
(1053, 594)
(1054, 84)
(1054, 363)
(1055, 21)
(1055, 22)
(1055, 33)
(1055, 182)
(1055, 216)
(1055, 247)
(1055, 632)
(1056, 98)
(1056, 181)
(1058, 181)
(1058, 200)
(1058, 294)
(1058, 538)
(1059, 74)
(1059, 186)
(1059, 187)
(1059, 426)
(1059, 448)
(1059, 493)
(1059, 601)
(1060, 110)
(1060, 195)
(1060, 249)
(1060, 303)
(1060, 341)
(1061, 358)
(1061, 538)
(1061, 572)
(1062, 42)
(1062, 359)
(1062, 439)
(1062, 461)
(1062, 606)
(1063, 244)
(1063, 251)
(1063, 303)
(1063, 305)
(1063, 323)
(1063, 359)
(1064, 79)
(1064, 115)
(1064, 210)
(1065, 266)
(1065, 481)
(1065, 619)
(1066, 483)
(1066, 570)
(1067, 204)
(1067, 359)
(1068, 256)
(1068, 285)
(1068, 309)
(1068, 337)
(1068, 344)
(1068, 467)
(1069, 26)
(1069, 171)
(1069, 174)
(1070, 182)
(1070, 223)
(1070, 256)
(1070, 467)
(1070, 482)
(1070, 496)
(1071, 112)
(1071, 236)
(1071, 467)
(1072, 451)
(1074, 97)
(1074, 167)
(1074, 264)
(1074, 266)
(1074, 283)
(1074, 329)
(1074, 332)
(1075, 183)
(1075, 194)
(1075, 254)
(1076, 216)
(1077, 111)
(1077, 169)
(1077, 199)
(1077, 227)
(1078, 30)
(1078, 35)
(1078, 226)
(1078, 267)
(1078, 297)
(1078, 305)
(1078, 470)
(1078, 549)
(1079, 225)
(1080, 33)
(1080, 125)
(1080, 168)
(1080, 225)
(1080, 246)
(1081, 184)
(1081, 474)
(1082, 33)
(1082, 304)
(1082, 438)
(1082, 469)
(1083, 261)
(1083, 304)
(1083, 624)
(1084, 122)
(1084, 360)
(1085, 21)
(1085, 81)
(1085, 102)
(1085, 104)
(1085, 571)
(1086, 37)
(1086, 310)
(1086, 389)
(1086, 475)
(1086, 481)
(1086, 634)
(1087, 30)
(1087, 489)
(1087, 625)
(1088, 27)
(1088, 259)
(1088, 488)
(1088, 489)
(1088, 497)
(1090, 226)
(1090, 258)
(1090, 322)
(1090, 488)
(1091, 18)
(1091, 68)
(1091, 206)
(1091, 484)
(1092, 207)
(1092, 251)
(1093, 28)
(1093, 208)
(1094, 329)
(1094, 342)
(1094, 472)
(1095, 33)
(1095, 34)
(1097, 39)
(1097, 196)
(1097, 201)
(1097, 206)
(1097, 223)
(1097, 246)
(1097, 266)
(1098, 33)
(1098, 499)
(1099, 24)
(1099, 193)
(1099, 470)
(1099, 492)
(1100, 69)
(1100, 70)
(1100, 115)
(1101, 20)
(1101, 26)
(1101, 65)
(1101, 116)
(1101, 240)
(1102, 24)
(1102, 67)
(1102, 191)
(1102, 297)
(1103, 43)
(1103, 193)
(1103, 273)
(1103, 353)
(1104, 175)
(1104, 207)
(1104, 208)
(1104, 639)
(1105, 267)
(1105, 338)
(1106, 37)
(1106, 41)
(1106, 143)
(1106, 297)
(1106, 314)
(1106, 479)
(1107, 142)
(1107, 209)
(1107, 478)
(1107, 555)
(1108, 558)
(1108, 620)
(1109, 211)
(1109, 254)
(1109, 309)
(1109, 483)
(1110, 35)
(1110, 254)
(1110, 484)
(1110, 644)
(1112, 305)
(1112, 314)
(1112, 484)
(1113, 108)
(1113, 112)
(1113, 253)
(1113, 256)
(1113, 355)
(1113, 618)
(1114, 360)
(1114, 468)
(1114, 469)
(1115, 299)
(1115, 618)
(1116, 290)
(1116, 334)
(1116, 469)
(1116, 617)
(1117, 47)
(1117, 275)
(1117, 290)
(1117, 356)
(1119, 57)
(1119, 367)
(1120, 273)
(1120, 313)
(1121, 177)
(1121, 344)
(1122, 163)
(1122, 494)
(1122, 506)
(1123, 307)
(1124, 100)
(1124, 101)
(1124, 139)
(1124, 156)
(1124, 166)
(1124, 241)
(1124, 646)
(1125, 163)
(1125, 254)
(1125, 305)
(1125, 481)
(1126, 241)
(1126, 256)
(1126, 480)
(1127, 78)
(1127, 308)
(1127, 353)
(1128, 77)
(1128, 96)
(1128, 284)
(1128, 342)
(1129, 37)
(1129, 220)
(1129, 328)
(1129, 349)
(1129, 437)
(1130, 55)
(1130, 238)
(1130, 356)
(1130, 515)
(1130, 599)
(1131, 331)
(1131, 337)
(1131, 489)
(1132, 37)
(1132, 226)
(1132, 486)
(1133, 150)
(1133, 168)
(1133, 244)
(1133, 613)
(1134, 22)
(1134, 172)
(1134, 174)
(1134, 339)
(1134, 506)
(1136, 21)
(1136, 618)
(1137, 139)
(1137, 200)
(1137, 201)
(1137, 238)
(1137, 241)
(1137, 397)
(1138, 136)
(1138, 138)
(1138, 139)
(1138, 199)
(1138, 305)
(1139, 146)
(1139, 198)
(1139, 212)
(1139, 234)
(1139, 282)
(1139, 313)
(1139, 491)
(1140, 188)
(1140, 209)
(1140, 314)
(1141, 312)
(1142, 181)
(1142, 248)
(1142, 307)
(1142, 313)
(1143, 235)
(1144, 42)
(1144, 240)
(1145, 14)
(1145, 92)
(1145, 298)
(1145, 579)
(1146, 332)
(1146, 485)
(1147, 39)
(1147, 165)
(1147, 166)
(1147, 167)
(1147, 186)
(1147, 231)
(1147, 318)
(1148, 165)
(1148, 167)
(1149, 37)
(1149, 166)
(1149, 167)
(1149, 286)
(1149, 296)
(1150, 161)
(1151, 136)
(1151, 229)
(1151, 294)
(1151, 295)
(1151, 644)
(1152, 95)
(1152, 136)
(1152, 165)
(1153, 136)
(1153, 233)
(1153, 296)
(1153, 323)
(1153, 571)
(1153, 643)
(1154, 101)
(1154, 235)
(1154, 293)
(1154, 296)
(1154, 307)
(1154, 308)
(1154, 476)
(1155, 348)
(1155, 401)
(1156, 358)
(1156, 402)
(1157, 209)
(1157, 270)
(1157, 294)
(1157, 621)
(1157, 622)
(1158, 295)
(1158, 354)
(1159, 27)
(1159, 268)
(1159, 323)
(1159, 328)
(1159, 606)
(1159, 621)
(1160, 29)
(1160, 370)
(1161, 99)
(1161, 137)
(1161, 169)
(1162, 319)
(1162, 573)
(1162, 622)
(1162, 623)
(1163, 321)
(1163, 343)
(1163, 505)
(1164, 230)
(1164, 235)
(1164, 318)
(1164, 320)
(1165, 245)
(1165, 288)
(1165, 378)
(1165, 398)
(1166, 59)
(1166, 352)
(1167, 89)
(1167, 147)
(1167, 240)
(1167, 248)
(1167, 250)
(1167, 295)
(1167, 628)
(1168, 164)
(1168, 383)
(1168, 403)
(1169, 161)
(1169, 251)
(1169, 365)
(1169, 564)
(1170, 60)
(1170, 174)
(1170, 241)
(1170, 263)
(1171, 15)
(1171, 222)
(1171, 253)
(1171, 318)
(1171, 345)
(1171, 366)
(1171, 389)
(1172, 247)
(1172, 251)
(1172, 314)
(1172, 576)
(1173, 11)
(1173, 26)
(1173, 165)
(1173, 317)
(1173, 392)
(1173, 583)
(1174, 169)
(1174, 248)
(1174, 291)
(1174, 302)
(1174, 350)
(1175, 26)
(1175, 28)
(1175, 30)
(1175, 247)
(1175, 248)
(1175, 367)
(1175, 370)
(1176, 162)
(1176, 396)
(1176, 574)
(1177, 107)
(1177, 240)
(1177, 263)
(1177, 370)
(1177, 575)
(1178, 33)
(1178, 276)
(1178, 369)
(1178, 396)
(1179, 34)
(1179, 133)
(1179, 162)
(1179, 276)
(1180, 149)
(1180, 150)
(1180, 164)
(1180, 277)
(1180, 334)
(1181, 92)
(1181, 93)
(1181, 149)
(1181, 174)
(1181, 358)
(1182, 83)
(1182, 331)
(1182, 348)
(1182, 382)
(1183, 303)
(1184, 171)
(1184, 276)
(1184, 414)
(1184, 549)
(1185, 16)
(1185, 82)
(1185, 124)
(1185, 175)
(1185, 297)
(1185, 318)
(1186, 175)
(1186, 225)
(1186, 351)
(1187, 114)
(1187, 138)
(1188, 16)
(1188, 97)
(1188, 116)
(1188, 174)
(1188, 260)
(1188, 295)
(1189, 146)
(1189, 225)
(1189, 280)
(1189, 287)
(1189, 569)
(1190, 43)
(1190, 51)
(1190, 53)
(1190, 147)
(1190, 277)
(1190, 302)
(1190, 566)
(1191, 43)
(1191, 51)
(1191, 52)
(1191, 53)
(1191, 110)
(1191, 142)
(1191, 294)
(1191, 404)
(1192, 47)
(1192, 123)
(1192, 228)
(1192, 271)
(1193, 106)
(1193, 140)
(1193, 272)
(1193, 280)
(1193, 304)
(1193, 577)
(1193, 594)
(1194, 242)
(1194, 279)
(1194, 281)
(1194, 292)
(1194, 323)
(1195, 210)
(1195, 286)
(1195, 412)
(1195, 568)
(1196, 95)
(1196, 138)
(1196, 155)
(1196, 231)
(1196, 262)
(1196, 541)
(1197, 286)
(1197, 413)
(1197, 500)
(1198, 88)
(1198, 249)
(1198, 286)
(1198, 572)
(1199, 231)
(1199, 250)
(1199, 305)
(1199, 338)
(1200, 87)
(1200, 128)
(1200, 178)
(1200, 261)
(1200, 280)
(1200, 336)
(1200, 577)
(1201, 96)
(1201, 106)
(1201, 159)
(1201, 167)
(1201, 270)
(1201, 272)
(1201, 402)
(1201, 577)
(1202, 103)
(1202, 139)
(1202, 272)
(1202, 551)
(1202, 575)
(1202, 602)
(1203, 138)
(1203, 177)
(1203, 245)
(1203, 277)
(1204, 152)
(1204, 153)
(1204, 154)
(1204, 175)
(1205, 97)
(1205, 171)
(1205, 283)
(1206, 243)
(1206, 256)
(1206, 271)
(1206, 277)
(1206, 621)
(1207, 149)
(1207, 158)
(1208, 138)
(1208, 148)
(1208, 255)
(1208, 415)
(1209, 94)
(1209, 261)
(1210, 251)
(1210, 252)
(1210, 589)
(1210, 610)
(1211, 61)
(1211, 138)
(1211, 442)
(1211, 605)
(1212, 46)
(1212, 173)
(1212, 217)
(1212, 280)
(1213, 43)
(1213, 104)
(1213, 127)
(1213, 141)
(1213, 285)
(1214, 11)
(1214, 278)
(1214, 452)
(1215, 303)
(1215, 520)
(1215, 636)
(1216, 11)
(1216, 90)
(1216, 91)
(1216, 162)
(1216, 170)
(1216, 302)
(1216, 403)
(1216, 599)
(1217, 162)
(1217, 263)
(1217, 271)
(1217, 272)
(1217, 280)
(1217, 339)
(1217, 495)
(1218, 101)
(1218, 341)
(1219, 46)
(1219, 54)
(1219, 279)
(1219, 448)
(1220, 198)
(1220, 323)
(1221, 41)
(1221, 239)
(1222, 21)
(1222, 80)
(1222, 120)
(1222, 220)
(1222, 259)
(1222, 260)
(1222, 261)
(1222, 274)
(1223, 62)
(1223, 79)
(1223, 167)
(1223, 192)
(1223, 200)
(1223, 640)
(1224, 149)
(1224, 234)
(1225, 128)
(1225, 129)
(1225, 131)
(1225, 133)
(1225, 149)
(1225, 284)
(1226, 57)
(1226, 212)
(1226, 218)
(1226, 293)
(1226, 297)
(1226, 330)
(1227, 42)
(1227, 68)
(1227, 95)
(1227, 262)
(1227, 272)
(1228, 91)
(1228, 175)
(1228, 253)
(1228, 269)
(1228, 279)
(1228, 637)
(1229, 66)
(1229, 89)
(1229, 278)
(1229, 280)
(1230, 641)
(1231, 30)
(1231, 215)
(1231, 339)
(1231, 437)
(1232, 297)
(1232, 299)
(1232, 303)
(1233, 158)
(1234, 32)
(1234, 80)
(1234, 151)
(1234, 294)
(1235, 31)
(1235, 32)
(1235, 81)
(1235, 182)
(1236, 32)
(1236, 204)
(1236, 402)
(1237, 31)
(1237, 141)
(1237, 295)
(1237, 348)
(1238, 115)
(1238, 126)
(1238, 140)
(1238, 224)
(1238, 314)
(1238, 406)
(1238, 443)
(1238, 491)
(1238, 647)
(1239, 117)
(1239, 161)
(1239, 243)
(1239, 349)
(1240, 103)
(1240, 148)
(1240, 160)
(1240, 294)
(1241, 107)
(1241, 131)
(1241, 180)
(1241, 225)
(1241, 340)
(1242, 156)
(1242, 286)
(1243, 101)
(1243, 126)
(1243, 198)
(1243, 619)
(1244, 198)
(1244, 233)
(1244, 288)
(1244, 298)
(1244, 399)
(1245, 108)
(1245, 196)
(1245, 271)
(1245, 274)
(1245, 399)
(1245, 649)
(1246, 230)
(1246, 279)
(1246, 297)
(1246, 321)
(1246, 415)
(1247, 321)
(1248, 143)
(1248, 316)
(1248, 410)
(1249, 119)
(1249, 222)
(1249, 290)
(1249, 324)
(1249, 500)
(1250, 109)
(1250, 251)
(1250, 325)
(1250, 327)
(1250, 418)
(1251, 149)
(1251, 219)
(1251, 320)
(1251, 324)
(1251, 424)
(1252, 145)
(1252, 149)
(1252, 151)
(1252, 234)
(1252, 235)
(1252, 274)
(1252, 292)
(1252, 320)
(1252, 424)
(1253, 19)
(1253, 20)
(1253, 122)
(1253, 130)
(1253, 131)
(1253, 338)
(1254, 172)
(1254, 187)
(1255, 279)
(1255, 413)
(1255, 595)
(1256, 106)
(1256, 312)
(1256, 645)
(1258, 400)
(1259, 278)
(1260, 283)
(1261, 159)
(1261, 258)
(1261, 325)
(1261, 347)
(1261, 383)
(1262, 157)
(1262, 159)
(1262, 427)
(1262, 428)
(1263, 250)
(1263, 258)
(1263, 301)
(1263, 375)
(1263, 385)
(1264, 108)
(1264, 121)
(1264, 151)
(1264, 161)
(1264, 286)
(1264, 349)
(1264, 373)
(1264, 423)
(1264, 440)
(1265, 108)
(1265, 235)
(1265, 295)
(1265, 414)
(1265, 437)
(1266, 282)
(1266, 335)
(1266, 378)
(1266, 405)
(1266, 412)
(1266, 634)
(1267, 230)
(1267, 359)
(1267, 363)
(1268, 118)
(1268, 385)
(1268, 404)
(1269, 137)
(1269, 230)
(1270, 161)
(1271, 371)
(1271, 539)
(1272, 43)
(1272, 53)
(1272, 163)
(1272, 284)
(1273, 15)
(1273, 25)
(1273, 276)
(1274, 18)
(1274, 41)
(1274, 47)
(1274, 52)
(1274, 53)
(1274, 156)
(1274, 271)
(1274, 378)
(1274, 433)
(1275, 54)
(1275, 301)
(1276, 46)
(1276, 156)
(1276, 200)
(1276, 204)
(1276, 301)
(1276, 353)
(1276, 402)
(1277, 253)
(1277, 263)
(1278, 277)
(1278, 401)
(1279, 12)
(1279, 29)
(1279, 351)
(1280, 12)
(1280, 303)
(1280, 395)
(1281, 296)
(1281, 352)
(1281, 403)
(1281, 529)
(1282, 14)
(1282, 355)
(1282, 371)
(1282, 390)
(1282, 528)
(1283, 109)
(1283, 377)
(1284, 16)
(1284, 231)
(1284, 386)
(1284, 389)
(1284, 462)
(1285, 73)
(1285, 242)
(1285, 398)
(1285, 458)
(1286, 15)
(1286, 71)
(1286, 316)
(1286, 352)
(1287, 40)
(1287, 70)
(1287, 159)
(1287, 242)
(1287, 333)
(1287, 363)
(1287, 459)
(1287, 512)
(1288, 36)
(1288, 38)
(1288, 89)
(1289, 112)
(1289, 141)
(1289, 237)
(1289, 249)
(1289, 348)
(1289, 401)
(1290, 45)
(1290, 52)
(1290, 238)
(1290, 245)
(1290, 283)
(1290, 388)
(1290, 450)
(1290, 461)
(1291, 24)
(1291, 63)
(1291, 352)
(1291, 383)
(1291, 384)
(1291, 385)
(1292, 48)
(1292, 62)
(1292, 245)
(1292, 282)
(1292, 315)
(1292, 371)
(1292, 396)
(1292, 401)
(1292, 455)
(1292, 457)
(1292, 558)
(1293, 14)
(1293, 169)
(1294, 55)
(1294, 262)
(1294, 364)
(1294, 590)
(1295, 32)
(1295, 266)
(1295, 274)
(1295, 361)
(1295, 400)
(1296, 105)
(1296, 246)
(1297, 15)
(1297, 49)
(1297, 281)
(1297, 411)
(1297, 513)
(1298, 13)
(1298, 238)
(1298, 380)
(1298, 391)
(1298, 399)
(1299, 226)
(1299, 229)
(1299, 281)
(1299, 447)
(1299, 456)
(1300, 142)
(1300, 283)
(1300, 354)
(1300, 374)
(1301, 91)
(1301, 141)
(1302, 409)
(1302, 526)
(1303, 32)
(1303, 399)
(1303, 406)
(1303, 511)
(1303, 529)
(1304, 183)
(1305, 228)
(1305, 246)
(1305, 284)
(1305, 289)
(1305, 363)
(1305, 400)
(1305, 513)
(1306, 45)
(1306, 260)
(1306, 276)
(1306, 518)
(1306, 519)
(1307, 458)
(1307, 513)
(1308, 20)
(1309, 198)
(1309, 286)
(1309, 346)
(1309, 513)
(1311, 81)
(1311, 82)
(1311, 112)
(1311, 236)
(1311, 265)
(1311, 440)
(1311, 521)
(1312, 254)
(1312, 265)
(1312, 419)
(1313, 41)
(1313, 42)
(1313, 51)
(1313, 111)
(1313, 262)
(1313, 263)
(1313, 296)
(1313, 383)
(1314, 89)
(1314, 103)
(1314, 108)
(1314, 499)
(1314, 523)
(1315, 79)
(1315, 90)
(1315, 400)
(1315, 504)
(1315, 527)
(1315, 529)
(1316, 86)
(1316, 99)
(1316, 183)
(1316, 246)
(1316, 342)
(1316, 405)
(1316, 497)
(1316, 622)
(1317, 242)
(1317, 528)
(1318, 86)
(1318, 284)
(1319, 163)
(1319, 164)
(1319, 294)
(1319, 525)
(1320, 63)
(1320, 75)
(1320, 159)
(1320, 521)
(1320, 523)
(1321, 97)
(1322, 37)
(1322, 98)
(1323, 208)
(1323, 264)
(1323, 343)
(1324, 43)
(1324, 270)
(1324, 311)
(1324, 467)
(1325, 76)
(1325, 77)
(1325, 79)
(1325, 81)
(1325, 357)
(1325, 469)
(1325, 528)
(1325, 529)
(1326, 268)
(1326, 360)
(1326, 365)
(1327, 86)
(1327, 268)
(1327, 322)
(1328, 69)
(1328, 87)
(1328, 103)
(1328, 108)
(1328, 292)
(1328, 358)
(1329, 51)
(1329, 68)
(1330, 260)
(1330, 281)
(1330, 365)
(1331, 320)
(1332, 81)
(1332, 159)
(1332, 288)
(1332, 313)
(1333, 157)
(1333, 261)
(1333, 280)
(1333, 283)
(1333, 285)
(1333, 356)
(1334, 279)
(1334, 280)
(1334, 389)
(1334, 401)
(1335, 196)
(1335, 246)
(1335, 278)
(1335, 370)
(1336, 315)
(1337, 66)
(1337, 106)
(1337, 265)
(1337, 363)
(1338, 38)
(1338, 106)
(1338, 198)
(1338, 199)
(1338, 278)
(1338, 625)
(1339, 105)
(1339, 543)
(1339, 546)
(1339, 552)
(1339, 588)
(1340, 11)
(1340, 276)
(1341, 285)
(1341, 286)
(1341, 619)
(1342, 49)
(1342, 70)
(1342, 71)
(1342, 82)
(1342, 88)
(1342, 236)
(1342, 245)
(1342, 258)
(1342, 296)
(1342, 309)
(1342, 590)
(1343, 46)
(1343, 80)
(1343, 172)
(1343, 254)
(1343, 511)
(1344, 78)
(1344, 253)
(1344, 310)
(1345, 64)
(1345, 81)
(1345, 158)
(1345, 269)
(1346, 72)
(1346, 94)
(1346, 139)
(1346, 233)
(1346, 277)
(1346, 291)
(1346, 336)
(1347, 75)
(1348, 59)
(1348, 127)
(1348, 231)
(1348, 293)
(1349, 15)
(1349, 59)
(1349, 130)
(1349, 186)
(1350, 13)
(1350, 161)
(1350, 523)
(1350, 544)
(1350, 546)
(1351, 12)
(1351, 253)
(1351, 267)
(1351, 535)
(1351, 543)
(1351, 551)
(1352, 119)
(1352, 259)
(1352, 289)
(1352, 495)
(1352, 547)
(1353, 17)
(1353, 86)
(1354, 171)
(1354, 273)
(1354, 298)
(1354, 504)
(1354, 537)
(1354, 585)
(1355, 18)
(1355, 77)
(1355, 110)
(1355, 140)
(1355, 201)
(1355, 304)
(1355, 558)
(1356, 198)
(1356, 305)
(1357, 377)
(1358, 72)
(1358, 339)
(1358, 537)
(1359, 115)
(1359, 175)
(1359, 272)
(1359, 383)
(1359, 528)
(1360, 314)
(1360, 541)
(1360, 562)
(1361, 84)
(1361, 241)
(1361, 551)
(1362, 56)
(1362, 63)
(1362, 89)
(1362, 91)
(1362, 260)
(1362, 261)
(1363, 39)
(1363, 133)
(1363, 554)
(1364, 87)
(1364, 134)
(1364, 276)
(1364, 330)
(1365, 97)
(1365, 142)
(1365, 171)
(1365, 242)
(1365, 460)
(1365, 550)
(1365, 553)
(1365, 555)
(1366, 68)
(1366, 112)
(1367, 27)
(1367, 112)
(1367, 217)
(1367, 298)
(1368, 31)
(1368, 523)
(1368, 539)
(1368, 556)
(1369, 68)
(1369, 389)
(1369, 553)
(1370, 11)
(1370, 47)
(1370, 77)
(1370, 113)
(1370, 133)
(1370, 239)
(1371, 73)
(1371, 125)
(1371, 129)
(1371, 162)
(1371, 310)
(1372, 133)
(1372, 175)
(1372, 388)
(1373, 12)
(1373, 68)
(1373, 127)
(1373, 543)
(1374, 54)
(1374, 84)
(1374, 167)
(1374, 250)
(1374, 548)
(1375, 146)
(1375, 158)
(1375, 540)
(1375, 546)
(1375, 547)
(1376, 149)
(1376, 158)
(1376, 305)
(1377, 72)
(1377, 151)
(1378, 67)
(1378, 93)
(1378, 94)
(1378, 287)
(1378, 290)
(1378, 291)
(1378, 447)
(1378, 534)
(1379, 59)
(1379, 74)
(1379, 344)
(1379, 345)
(1380, 24)
(1380, 358)
(1381, 12)
(1381, 120)
(1381, 370)
(1381, 498)
(1382, 132)
(1382, 133)
(1382, 346)
(1382, 531)
(1383, 37)
(1383, 128)
(1383, 134)
(1383, 159)
(1384, 64)
(1384, 79)
(1384, 127)
(1384, 142)
(1384, 143)
(1384, 440)
(1385, 22)
(1385, 42)
(1385, 158)
(1385, 494)
(1386, 23)
(1386, 114)
(1386, 133)
(1386, 545)
(1387, 24)
(1387, 506)
(1387, 516)
(1388, 122)
(1388, 131)
(1388, 135)
(1388, 303)
(1389, 158)
(1389, 348)
(1389, 510)
(1390, 543)
(1391, 13)
(1391, 104)
(1391, 160)
(1391, 304)
(1391, 543)
(1391, 636)
(1392, 121)
(1392, 192)
(1392, 325)
(1393, 14)
(1393, 16)
(1393, 42)
(1393, 117)
(1393, 327)
(1394, 146)
(1394, 542)
(1395, 19)
(1395, 33)
(1395, 48)
(1395, 122)
(1395, 539)
(1397, 15)
(1397, 28)
(1397, 100)
(1397, 186)
(1397, 194)
(1397, 264)
(1397, 269)
(1398, 18)
(1398, 88)
(1399, 33)
(1399, 191)
(1400, 15)
(1400, 24)
(1400, 79)
(1400, 83)
(1400, 176)
(1400, 346)
(1400, 401)
(1401, 66)
(1401, 318)
(1402, 18)
(1402, 113)
(1403, 70)
(1403, 379)
(1403, 402)
(1403, 487)
(1404, 60)
(1404, 90)
(1404, 91)
(1404, 127)
(1404, 175)
(1405, 92)
(1405, 315)
(1405, 385)
(1405, 386)
(1406, 14)
(1406, 58)
(1406, 68)
(1406, 92)
(1406, 115)
(1406, 359)
(1407, 89)
(1407, 114)
(1407, 119)
(1407, 244)
(1408, 17)
(1408, 81)
(1408, 175)
(1408, 183)
(1409, 54)
(1409, 349)
(1410, 100)
(1410, 175)
(1410, 256)
(1410, 350)
(1410, 351)
(1410, 406)
(1410, 520)
(1411, 97)
(1411, 105)
(1411, 117)
(1411, 242)
(1411, 289)
(1411, 389)
(1412, 78)
(1412, 80)
(1412, 95)
(1412, 97)
(1412, 158)
(1412, 183)
(1412, 525)
(1413, 93)
(1413, 158)
(1414, 90)
(1414, 286)
(1414, 348)
(1414, 350)
(1414, 362)
(1415, 385)
(1416, 98)
(1416, 101)
(1416, 159)
(1416, 178)
(1417, 92)
(1417, 182)
(1417, 375)
(1418, 100)
(1418, 184)
(1418, 282)
(1418, 413)
(1419, 156)
(1419, 192)
(1419, 361)
(1420, 24)
(1420, 35)
(1420, 72)
(1420, 158)
(1420, 202)
(1421, 68)
(1421, 158)
(1421, 168)
(1422, 102)
(1422, 378)
(1423, 82)
(1423, 145)
(1423, 193)
(1423, 308)
(1423, 358)
(1423, 389)
(1424, 24)
(1424, 109)
(1424, 302)
(1424, 390)
(1425, 33)
(1425, 92)
(1425, 176)
(1425, 328)
(1425, 332)
(1425, 377)
(1426, 238)
(1426, 343)
(1426, 377)
(1426, 497)
(1427, 240)
(1427, 342)
(1427, 376)
(1428, 29)
(1428, 344)
(1428, 347)
(1428, 370)
(1428, 603)
(1428, 628)
(1429, 49)
(1429, 325)
(1430, 96)
(1430, 99)
(1430, 188)
(1430, 358)
(1430, 576)
(1431, 98)
(1432, 42)
(1432, 92)
(1432, 99)
(1432, 349)
(1432, 375)
(1433, 74)
(1433, 96)
(1433, 156)
(1433, 237)
(1433, 351)
(1434, 62)
(1434, 97)
(1434, 189)
(1434, 318)
(1434, 351)
(1434, 352)
(1435, 142)
(1436, 97)
(1436, 106)
(1436, 172)
(1436, 341)
(1436, 403)
(1436, 580)
(1437, 151)
(1437, 165)
(1437, 240)
(1437, 405)
(1437, 503)
(1437, 581)
(1438, 32)
(1438, 33)
(1438, 47)
(1438, 84)
(1438, 97)
(1438, 196)
(1438, 254)
(1438, 385)
(1438, 386)
(1438, 409)
(1438, 491)
(1439, 81)
(1439, 170)
(1439, 521)
(1440, 209)
(1440, 265)
(1440, 374)
(1440, 578)
(1440, 588)
(1441, 28)
(1441, 94)
(1441, 99)
(1441, 156)
(1441, 256)
(1441, 265)
(1441, 266)
(1441, 359)
(1441, 365)
(1441, 386)
(1442, 30)
(1442, 266)
(1442, 267)
(1443, 27)
(1443, 177)
(1443, 263)
(1443, 358)
(1444, 101)
(1444, 256)
(1444, 259)
(1445, 167)
(1445, 218)
(1445, 256)
(1445, 294)
(1445, 358)
(1445, 420)
(1445, 562)
(1446, 262)
(1447, 34)
(1447, 84)
(1447, 97)
(1447, 240)
(1447, 262)
(1447, 308)
(1447, 429)
(1447, 514)
(1447, 574)
(1448, 22)
(1448, 130)
(1448, 203)
(1448, 238)
(1448, 256)
(1448, 328)
(1448, 357)
(1448, 360)
(1448, 361)
(1448, 373)
(1448, 513)
(1448, 523)
(1449, 129)
(1449, 149)
(1449, 256)
(1449, 282)
(1449, 514)
(1450, 45)
(1450, 93)
(1450, 152)
(1450, 159)
(1450, 192)
(1450, 194)
(1450, 281)
(1450, 304)
(1450, 378)
(1450, 406)
(1450, 609)
(1450, 610)
(1451, 28)
(1451, 156)
(1451, 163)
(1451, 411)
(1451, 510)
(1451, 566)
(1451, 586)
(1452, 159)
(1452, 304)
(1452, 372)
(1452, 389)
(1452, 407)
(1452, 530)
(1453, 38)
(1453, 274)
(1453, 356)
(1454, 33)
(1454, 201)
(1454, 378)
(1454, 389)
(1455, 31)
(1455, 50)
(1455, 96)
(1455, 414)
(1456, 250)
(1456, 255)
(1456, 515)
(1457, 24)
(1457, 47)
(1457, 249)
(1458, 26)
(1458, 277)
(1458, 362)
(1458, 527)
(1458, 592)
(1458, 593)
(1458, 598)
(1459, 87)
(1459, 591)
(1460, 129)
(1460, 246)
(1460, 377)
(1460, 381)
(1461, 114)
(1461, 136)
(1461, 137)
(1461, 183)
(1461, 383)
(1461, 523)
(1461, 530)
(1461, 554)
(1461, 559)
(1461, 564)
(1461, 588)
(1462, 23)
(1462, 131)
(1462, 246)
(1462, 283)
(1462, 340)
(1462, 588)
(1462, 591)
(1462, 594)
(1463, 57)
(1463, 184)
(1463, 247)
(1463, 272)
(1463, 283)
(1463, 383)
(1463, 539)
(1463, 562)
(1464, 55)
(1464, 111)
(1464, 112)
(1464, 126)
(1464, 247)
(1464, 268)
(1464, 295)
(1464, 358)
(1464, 540)
(1465, 61)
(1465, 284)
(1465, 300)
(1465, 539)
(1466, 71)
(1466, 126)
(1466, 365)
(1466, 368)
(1466, 387)
(1466, 510)
(1466, 513)
(1466, 515)
(1466, 540)
(1466, 590)
(1467, 253)
(1467, 276)
(1467, 342)
(1467, 386)
(1467, 514)
(1467, 516)
(1467, 529)
(1467, 540)
(1468, 118)
(1468, 187)
(1468, 234)
(1468, 248)
(1468, 253)
(1468, 298)
(1468, 523)
(1469, 58)
(1469, 129)
(1469, 345)
(1469, 397)
(1469, 602)
(1470, 56)
(1470, 255)
(1470, 289)
(1470, 525)
(1470, 540)
(1470, 587)
(1470, 596)
(1471, 126)
(1471, 252)
(1471, 380)
(1472, 22)
(1472, 176)
(1472, 269)
(1472, 291)
(1472, 530)
(1472, 590)
(1473, 120)
(1473, 247)
(1473, 311)
(1473, 607)
(1474, 70)
(1474, 103)
(1474, 177)
(1474, 244)
(1474, 282)
(1474, 292)
(1474, 320)
(1474, 354)
(1474, 408)
(1474, 535)
(1475, 313)
(1475, 420)
(1475, 536)
(1476, 185)
(1476, 367)
(1476, 525)
(1476, 598)
(1477, 56)
(1477, 93)
(1477, 116)
(1477, 293)
(1477, 324)
(1477, 349)
(1477, 443)
(1477, 527)
(1477, 599)
(1478, 21)
(1478, 97)
(1478, 280)
(1478, 320)
(1478, 399)
(1478, 410)
(1479, 71)
(1479, 279)
(1479, 307)
(1479, 356)
(1479, 419)
(1479, 540)
(1479, 553)
(1479, 609)
(1480, 71)
(1480, 87)
(1480, 256)
(1480, 419)
(1481, 76)
(1481, 205)
(1481, 267)
(1481, 268)
(1481, 318)
(1481, 320)
(1482, 89)
(1482, 331)
(1482, 366)
(1482, 555)
(1483, 204)
(1483, 209)
(1483, 226)
(1483, 316)
(1483, 347)
(1483, 579)
(1483, 610)
(1484, 197)
(1484, 225)
(1484, 245)
(1484, 264)
(1484, 319)
(1485, 340)
(1485, 453)
(1485, 582)
(1485, 614)
(1485, 615)
(1485, 632)
(1486, 81)
(1486, 111)
(1486, 262)
(1486, 274)
(1486, 454)
(1486, 519)
(1486, 520)
(1486, 521)
(1486, 582)
(1486, 591)
(1487, 81)
(1487, 424)
(1487, 438)
(1487, 444)
(1487, 516)
(1487, 526)
(1488, 106)
(1488, 170)
(1488, 208)
(1488, 258)
(1488, 329)
(1488, 521)
(1488, 588)
(1488, 598)
(1489, 35)
(1489, 433)
(1489, 589)
(1490, 102)
(1490, 210)
(1490, 227)
(1491, 206)
(1491, 228)
(1491, 297)
(1491, 416)
(1491, 477)
(1492, 97)
(1492, 202)
(1492, 257)
(1492, 266)
(1492, 309)
(1492, 328)
(1492, 595)
(1493, 67)
(1493, 232)
(1493, 417)
(1494, 68)
(1494, 406)
(1494, 435)
(1494, 446)
(1494, 447)
(1495, 92)
(1495, 93)
(1495, 203)
(1495, 267)
(1495, 343)
(1495, 399)
(1495, 546)
(1495, 613)
(1496, 67)
(1496, 71)
(1496, 93)
(1496, 94)
(1496, 159)
(1496, 237)
(1496, 276)
(1496, 592)
(1496, 614)
(1496, 623)
(1497, 122)
(1497, 237)
(1497, 278)
(1497, 445)
(1497, 619)
(1498, 76)
(1498, 624)
(1499, 78)
(1499, 329)
(1499, 417)
(1499, 480)
(1499, 606)
(1500, 78)
(1500, 223)
(1501, 73)
(1501, 87)
(1501, 116)
(1501, 251)
(1501, 293)
(1501, 616)
(1502, 299)
(1503, 82)
(1503, 119)
(1503, 129)
(1503, 239)
(1503, 299)
(1503, 300)
(1503, 339)
(1503, 441)
(1503, 442)
(1503, 447)
(1504, 245)
(1505, 103)
(1505, 105)
(1505, 587)
(1506, 105)
(1506, 273)
(1506, 593)
(1507, 104)
(1507, 128)
(1507, 133)
(1507, 204)
(1507, 227)
(1507, 237)
(1507, 239)
(1507, 407)
(1508, 73)
(1508, 278)
(1509, 121)
(1509, 304)
(1509, 573)
(1509, 610)
(1510, 384)
(1510, 619)
(1511, 212)
(1511, 251)
(1512, 118)
(1512, 134)
(1512, 231)
(1512, 303)
(1512, 329)
(1512, 384)
(1513, 66)
(1513, 210)
(1513, 212)
(1513, 384)
(1513, 417)
(1514, 65)
(1514, 201)
(1514, 351)
(1515, 137)
(1515, 262)
(1515, 288)
(1515, 298)
(1515, 595)
(1516, 115)
(1516, 237)
(1516, 298)
(1516, 303)
(1516, 326)
(1517, 286)
(1517, 298)
(1517, 303)
(1517, 304)
(1518, 243)
(1518, 299)
(1518, 328)
(1518, 512)
(1519, 89)
(1519, 220)
(1519, 230)
(1519, 231)
(1519, 286)
(1519, 298)
(1519, 351)
(1519, 444)
(1520, 137)
(1520, 208)
(1520, 291)
(1521, 234)
(1521, 235)
(1521, 261)
(1521, 280)
(1521, 281)
(1521, 379)
(1521, 427)
(1521, 628)
(1522, 88)
(1522, 289)
(1522, 392)
(1522, 506)
(1522, 507)
(1523, 243)
(1523, 244)
(1523, 245)
(1523, 278)
(1524, 106)
(1524, 440)
(1524, 481)
